1.946578
3.82736
5.612107
4.160258
3.761252
0.7190249
4.797583
7.11453
3.563395
3.126753
3.960787
1.115682
1.655109
5.092971
6.644881
2.759601
4.686717
4.946439
6.823607
2.830257
4.706741
4.001971
6.339341
5.895227
2.277855
1.853197
2.617341
4.836567
1.438028
4.73192
6.346657
3.604398
4.170586
0.3701871
2.454626
2.564402
4.336015
2.496218
4.292995
3.936846
1.962777
3.650064
4.960371
7.707584
2.891727
6.322895
1.353537
2.768395
2.205028
2.041947
4.299678
9.206325
0.8211696
3.667312
4.576665
8.218985
4.716941
5.522573
3.885814
3.126009
2.787841
1.91602
1.705693
2.067423
3.775063
1.411788
3.094368
4.529369
2.880928
3.078337
3.486465
4.751542
1.64914
3.902805
6.049995
6.302496
1.317706
5.212799
6.056073
6.026428
5.17999
1.348488
1.719884
5.44136
4.251227
2.658514
0.3168618
5.707773
4.38
3.158036
2.376934
0.8550998
2.994342
4.00887
1.591686
1.765673
5.762248
6.901134
2.43991
3.094767
0.4530484
1.247463
5.021419
3.805539
6.190379
4.091424
4.459527
0.5804576
3.11341
5.479048
2.551271
1.110223
3.236324
4.954593
2.580644
0.7177252
6.4834
3.869655
6.402692
3.895306
3.749055
1.820318
2.862448
2.969151
1.858517
2.511268
1.533043
3.397155
2.942535
5.241881
0.838349
2.017889
7.238645
2.715722
1.607451
5.894561
5.191378
5.150383
1.948983
2.73692
2.299616
5.786009
1.400871
8.343597
7.146192
3.041244
1.576602
1.94926
5.353066
2.231162
4.589865
0.8802272
3.122647
4.66337
2.06764
3.733795
1.067602
4.209778
2.494339
6.672181
5.612325
2.607817
5.668551
6.178539
1.878314
2.865654
2.76818
5.673619
1.801876
0.955196
