Dec 01 2017	1279.59
Nov 30 2017	1273.20
Nov 29 2017	1282.10
Nov 28 2017	1294.90
Nov 27 2017	1294.40
Nov 26 2017	1286.90
Nov 24 2017	1287.30
Nov 23 2017	1291.66
Nov 22 2017	1292.20
Nov 21 2017	1281.70
Nov 20 2017	1275.30
Nov 17 2017	1296.50
Nov 16 2017	1278.20
Nov 15 2017	1277.70
Nov 14 2017	1282.90
Nov 13 2017	1278.90
Nov 10 2017	1274.20
Nov 09 2017	1287.50
Nov 08 2017	1283.70
Nov 07 2017	1275.80
Nov 06 2017	1281.60
Nov 03 2017	1269.20
Nov 02 2017	1278.10
Nov 01 2017	1277.30
Oct 31 2017	1270.50
Oct 30 2017	1277.70
Oct 27 2017	1271.80
Oct 26 2017	1269.60
Oct 25 2017	1279.00
Oct 24 2017	1278.30
Oct 23 2017	1280.90
Oct 20 2017	1280.50
Oct 19 2017	1290.00
Oct 18 2017	1283.00
Oct 17 2017	1286.20
Oct 16 2017	1303.00
Oct 13 2017	1304.60
Oct 12 2017	1296.50
Oct 11 2017	1288.90
Oct 10 2017	1293.80
Oct 09 2017	1285.00
Oct 06 2017	1274.90
Oct 05 2017	1273.20
Oct 04 2017	1276.80
Oct 03 2017	1274.60
Oct 02 2017	1275.80
Sep 29 2017	1284.80
Sep 28 2017	1288.70
Sep 27 2017	1287.80
Sep 26 2017	1301.70
Sep 25 2017	1311.50
Sep 22 2017	1297.50
Sep 21 2017	1294.80
Sep 20 2017	1316.40
Sep 19 2017	1310.60
Sep 18 2017	1310.80
Sep 15 2017	1325.20
Sep 14 2017	1329.30
Sep 13 2017	1328.00
Sep 12 2017	1332.70
Sep 11 2017	1335.70
Sep 08 2017	1351.20
Sep 07 2017	1350.30
Sep 06 2017	1339.00
Sep 05 2017	1344.50
Sep 04 2017	1338.08
Sep 03 2017	1341.22
Sep 01 2017	1330.40
Aug 31 2017	1322.20
Aug 30 2017	1314.10
Aug 29 2017	1318.90
Aug 28 2017	1315.30
Aug 25 2017	1297.90
Aug 24 2017	1292.00
Aug 23 2017	1294.70
Aug 22 2017	1291.00
Aug 21 2017	1296.70
Aug 18 2017	1291.60
Aug 17 2017	1292.40
Aug 16 2017	1282.90
Aug 15 2017	1279.70
Aug 14 2017	1290.40
Aug 11 2017	1294.00
Aug 10 2017	1290.10
Aug 09 2017	1279.30
Aug 08 2017	1262.60
Aug 07 2017	1264.70
Aug 04 2017	1264.60
Aug 03 2017	1274.40
Aug 02 2017	1278.40
Aug 01 2017	1279.40
Jul 31 2017	1273.40
Jul 28 2017	1275.30
Jul 27 2017	1266.50
Jul 26 2017	1255.60
Jul 25 2017	1258.50
Jul 24 2017	1254.30
Jul 21 2017	1254.90
Jul 20 2017	1245.50
Jul 19 2017	1242.00
Jul 18 2017	1241.90
Jul 17 2017	1233.70
Jul 14 2017	1227.50
Jul 13 2017	1217.30
Jul 12 2017	1219.10
Jul 11 2017	1214.70
Jul 10 2017	1213.20
Jul 07 2017	1209.70
Jul 06 2017	1223.30
Jul 05 2017	1221.70
Jul 04 2017	1227.55
Jul 03 2017	1219.20
Jun 30 2017	1242.30
Jun 29 2017	1245.80
Jun 28 2017	1249.10
Jun 27 2017	1246.90
Jun 26 2017	1246.40
Jun 23 2017	1256.40
Jun 22 2017	1249.40
Jun 21 2017	1245.80
Jun 20 2017	1243.50
Jun 19 2017	1246.70
Jun 16 2017	1256.50
Jun 15 2017	1254.60
Jun 14 2017	1275.90
Jun 13 2017	1268.60
Jun 12 2017	1268.90
Jun 09 2017	1271.40
Jun 08 2017	1279.50
Jun 07 2017	1293.20
Jun 06 2017	1297.50
Jun 05 2017	1282.70
Jun 02 2017	1280.20
Jun 01 2017	1270.10
May 31 2017	1275.40
May 30 2017	1265.70
May 29 2017	1266.69
May 28 2017	1268.22
May 26 2017	1271.40
May 25 2017	1259.80
May 24 2017	1256.50
May 23 2017	1258.90
May 22 2017	1264.80
May 19 2017	1253.60
May 18 2017	1252.80
May 17 2017	1258.70
May 16 2017	1236.40
May 15 2017	1230.00
May 12 2017	1227.70
May 11 2017	1224.20
May 10 2017	1218.90
May 09 2017	1216.10
May 08 2017	1227.10
May 05 2017	1226.90
May 04 2017	1228.60
May 03 2017	1248.50
May 02 2017	1257.00
May 01 2017	1255.50
Apr 28 2017	1268.30
Apr 27 2017	1265.90
Apr 26 2017	1264.20
Apr 25 2017	1267.20
Apr 24 2017	1277.50
Apr 21 2017	1289.10
Apr 20 2017	1283.80
Apr 19 2017	1283.40
Apr 18 2017	1294.10
Apr 17 2017	1291.90
Apr 14 2017	1289.65
Apr 13 2017	1288.50
Apr 12 2017	1278.10
Apr 11 2017	1274.20
Apr 10 2017	1253.90
Apr 07 2017	1257.30
Apr 06 2017	1253.30
Apr 05 2017	1248.50
Apr 04 2017	1258.40
Apr 03 2017	1254.00
Mar 31 2017	1251.20
Mar 30 2017	1248.00
Mar 29 2017	1256.80
Mar 28 2017	1258.80
Mar 27 2017	1258.80
Mar 24 2017	1251.70
Mar 23 2017	1250.10
Mar 22 2017	1252.80
Mar 21 2017	1249.60
Mar 20 2017	1237.20
Mar 17 2017	1233.20
Mar 16 2017	1230.20
Mar 15 2017	1203.80
Mar 14 2017	1201.90
Mar 13 2017	1202.40
Mar 10 2017	1200.70
Mar 09 2017	1202.40
Mar 08 2017	1208.50
Mar 07 2017	1215.10
Mar 06 2017	1224.50
Mar 03 2017	1225.50
Mar 02 2017	1231.90
Mar 01 2017	1248.90
Feb 28 2017	1252.60
Feb 27 2017	1257.40
Feb 24 2017	1256.90
Feb 23 2017	1250.20
Feb 22 2017	1232.00
Feb 21 2017	1237.50
Feb 20 2017	1238.20
Feb 19 2017	1237.30
Feb 17 2017	1237.60
Feb 16 2017	1240.00
Feb 15 2017	1231.70
Feb 14 2017	1223.90
Feb 13 2017	1224.40
Feb 10 2017	1234.40
Feb 09 2017	1235.10
Feb 08 2017	1237.60
Feb 07 2017	1234.20
Feb 06 2017	1230.00
Feb 03 2017	1218.50
Feb 02 2017	1216.70
Feb 01 2017	1205.60
Jan 31 2017	1208.60
Jan 30 2017	1193.20
Jan 27 2017	1188.10
Jan 26 2017	1189.50
Jan 25 2017	1197.30
Jan 24 2017	1210.30
Jan 23 2017	1215.00
Jan 20 2017	1204.30
Jan 19 2017	1200.90
Jan 18 2017	1211.30
Jan 17 2017	1212.00
Jan 16 2017	1202.85
Jan 15 2017	1203.35
Jan 13 2017	1195.30
Jan 12 2017	1198.90
Jan 11 2017	1195.60
Jan 10 2017	1184.20
Jan 09 2017	1183.50
Jan 06 2017	1171.90
Jan 05 2017	1179.70
Jan 04 2017	1163.80
Jan 03 2017	1160.40
Jan 02 2017	1151.05
